21528
17802
16624
27064
16355
10121
24341
9771
7210
23323
29550
17196
318
6360
3977
6694
30895
17061
20998
16966
9162
40
24897
12426
11104
32639
31026
7707
23753
11825
4241
10460
6185
32356
22845
25155
29682
3153
8158
16488
14762
14326
20169
9563
8175
1802
6181
28859
26040
25398
2892
20356
13021
2178
6516
15913
25050
14350
19855
28899
5840
770
15216
5704
18380
16839
27182
10271
6732
2936
15821
15987
14847
16787
9243
6374
3277
1013
2265
21064
26647
8453
21787
29288
11072
22063
32242
21034
25452
29844
26183
1498
23687
15871
6154
16832
17290
3611
6285
27893
15865
9188
23594
22133
6832
8028
7468
16500
32736
1919
6637
13814
14933
27768
32315
24218
4602
31253
31744
17590
18334
3705
22306
16809
8184
10513
26793
1133
8169
17865
23840
26220
24066
30847
12861
661
3398
23735
14276
17070
9521
11665
6056
22252
19193
6649
10611
19393
24595
10526
5353
12789
23033
17189
2024
3320
18219
12830
915
31607
9587
12087
1200
20013
28014
20527
2893
252
30536
26894
17834
19004
7367
13844
25171
13395
15499
25071
19853
30085
660
15409
24051
31246
6660
13312
13409
21614
11302
27407
21265
2053
20656
29902
12292
25055
21317
5598
18084
21457
29246
6088
27815
1477
31402
1262
28214
4434
26003
24770
13647
7056
23172
12341
104
16682
15175
26227
27733
2228
7411
2509
21867
20287
21031
9462
21478
25387
27280
22643
22408
16701
19377
8269
9859
10225
18147
8713
17305
29970
20634
5849
32642
391
15595
9748
14734
28528
9547
17380
5003
7794
23450
26687
7401
14926
3680
12824
14620
6073
598
19158
17730
21352
1320
7685
16646
26474
32121
14667
32452
10938
15399
26782
7918
28437
29393
25269
23214
12553
29591
6588
25036
3663
7713
1100
20435
30298
7651
29338
31855
18736
23967
17391
11034
22649
21547
4184
24055
32469
3700
6814
20478
16755
6851
7800
23130
12256
14655
20224
18703
30236
30132
6500
25312
21747
3730
32734
10352
29834
19769
8422
3751
17721
13171
16038
14423
25240
8770
23214
29472
11485
24029
14825
31633
3173
4853
25807
19599
5008
16700
30685
32251
29394
12072
22594
30351
29447
19188
8412
29961
27143
7401
23394
13452
23931
11995
23011
12355
18415
3318
17519
19015
13352
17339
12052
22979
8887
32581
19468
25686
28110
12241
3636
1720
8019
22397
20416
20641
27955
25936
20781
6118
20473
16763
9336
1765
26527
28382
22670
27172
8867
26062
30979
309
23390
3094
13830
22237
24466
28219
18581
25717
5698
7685
26349
1167
14278
23098
23877
30941
19486
25517
7867
1871
25479
9079
25231
29308
15692
1669
8591
20803
20703
12883
2002
2482
27944
30454
11945
29478
25117
8800
13011
25524
26771
6368
31472
11464
15443
22248
16952
19212
7281
16403
15213
19852
9689
24422
24590
14359
15403
31959
16334
25832
29897
11275
25669
10630
14382
14436
7396
17128
3457
4667
18222
19677
17513
8554
26405
18603
28964
8462
9219
30454
28371
26763
32043
2276
23576
17872
19295
27775
17891
19676
25139
14427
29833
16512
26050
31352
3863
30823
10399
28265
2277
26709
9743
24246
3438
11436
27765
13696
24158
16436
3085
99
22509
16155
24029
27553
3948
23355
14057
30844
16413
26012
23463
29411
31304
4410
18354
27217
18571
21256
7618
12787
16242
820
21468
11273
11080
9133
28614
25742
20524
28643
26558
16155
28775
6606
31595
15369
3324
22577
6420
6358
5249
10784
8976
20425
29742
29632
10622
15065
16180
22606
27702
24012
24655
30050
14591
7068
2463
25461
31234
23326
22196
8097
2174
24293
21736
17065
6078
21605
26097
10553
19528
24148
12470
29039
21336
7766
5218
29081
3724
472
20919
3137
10209
22076
24230
1383
8670
26679
6172
15629
14351
12920
17950
29433
9141
24459
9752
30646
6332
8956
28530
28380
3821
11711
1637
1681
11109
16847
20749
18512
24134
10518
25279
26345
2220
5005
29084
11721
16099
8356
19046
30076
31447
6116
13971
16752
21195
5331
2208
27388
2126
10776
17064
32160
875
16351
2869
10383
3617
12671
25686
26986
25619
28250
22770
21583
27263
8709
5211
7442
9332
10154
6182
17866
14144
19626
1083
5776
4904
9862
9512
17027
5213
32767
15547
24080
12331
8572
14543
2672
626
30893
19558
31345
20314
25454
7928
13434
19779
8686
1547
13769
19195
13328
32004
23296
1588
9745
20285
12768
17973
4204
10327
6228
3791
20218
32466
19633
32659
13150
3290
21308
13122
13984
19300
21741
13189
28184
9082
23410
21726
18318
18899
3703
3807
20639
30887
22053
9370
3426
31681
1768
12632
8780
17110
31350
28046
21841
28181
14861
16396
10828
2303
7675
28536
7841
26489
1636
2043
18465
22816
4416
18746
23342
9948
29091
12424
23583
3768
19521
29529
32742
12785
15665
32250
32751
10572
27377
19072
25932
13229
19115
9215
3856
13030
31158
10748
30712
27341
20576
10276
32593
13969
4587
5694
14613
10318
24021
21598
2392
18142
18013
30555
3810
24051
12354
14724
8478
5218
24526
25487
25907
15554
22291
16850
15984
5174
26997
31158
7661
25479
10344
21352
30063
13942
3451
19409
20877
7504
1430
713
24337
11458
16767
22919
24481
12271
28579
21852
20895
16576
17172
6818
20301
14971
27598
5103
26933
15000
25662
6542
32712
9168
14341
11567
24645
22390
10233
7645
10460
6410
20332
10289
14356
20492
11954
26309
11114
7182
16093
9964
12602
28429
29387
30112
12771
8705
18787
30908
5159
14259
21787
26732
8400
16847
23741
15585
18841
7226
31084
25673
22347
29349
21986
5374
17191
17507
29435
4093
16260
23159
5495
26523
13241
25586
16635
7795
12093
11388
25690
12963
6157
8496
6931
26936
6222
6061
10267
28134
3892
2921
3548
6909
2338
17737
26493
32152
787
8559
26468
27159
32056
26452
7929
13520
8418
26646
29613
25346
32163
22291
25916
26634
8624
4278
2350
17114
4490
17297
24484
4006
25310
12204
25937
25056
32425
28701
1735
31335
20127
729
22772
11772
22990
714
15084
4085
5247
18466
17641
13621
26461
25326
10383
9051
12761
9198
26229
16442
19404
10148
31970
21898
19038
6059
29652
31964
3112
5706
27207
2004
20629
2121
2227
14482
24206
12547
31959
24177
32342
21693
25269
10996
19122
21814
16094
21245
7502
31871
28143
20544
6748
27149
