40
99
104
252
309
318
391
472
598
626
660
661
713
714
729
770
787
820
875
915
1013
1083
1100
1133
1167
1200
1262
1320
1383
1430
1477
1498
1547
1588
1636
1637
1669
1681
1720
1735
1765
1768
1802
1871
1919
2002
2004
2024
2043
2053
2121
2126
2174
2178
2208
2220
2227
2228
2265
2276
2277
2303
2338
2350
2392
2463
2482
2509
2672
2869
2892
2893
2921
2936
3085
3094
3112
3137
3153
3173
3277
3290
3318
3320
3324
3398
3426
3438
3451
3457
3548
3611
3617
3636
3663
3680
3700
3703
3705
3724
3730
3751
3768
3791
3807
3810
3821
3856
3863
3892
3948
3977
4006
4085
4093
4184
4204
4241
4278
4410
4416
4434
4490
4587
4602
4667
4853
4904
5003
5005
5008
5103
5159
5174
5211
5213
5218
5218
5247
5249
5331
5353
5374
5495
5598
5694
5698
5704
5706
5776
5840
5849
6056
6059
6061
6073
6078
6088
6116
6118
6154
6157
6172
6181
6182
6185
6222
6228
6285
6332
6358
6360
6368
6374
6410
6420
6500
6516
6542
6588
6606
6637
6649
6660
6694
6732
6748
6814
6818
6832
6851
6909
6931
7056
7068
7182
7210
7226
7281
7367
7396
7401
7401
7411
7442
7468
7502
7504
7618
7645
7651
7661
7675
7685
7685
7707
7713
7766
7794
7795
7800
7841
7867
7918
7928
7929
8019
8028
8097
8158
8169
8175
8184
8269
8356
8400
8412
8418
8422
8453
8462
8478
8496
8554
8559
8572
8591
8624
8670
8686
8705
8709
8713
8770
8780
8800
8867
8887
8956
8976
9051
9079
9082
9133
9141
9162
9168
9188
9198
9215
9219
9243
9332
9336
9370
9462
9512
9521
9547
9563
9587
9689
9743
9745
9748
9752
9771
9859
9862
9948
9964
10121
10148
10154
10209
10225
10233
10267
10271
10276
10289
10318
10327
10344
10352
10383
10383
10399
10460
10460
10513
10518
10526
10553
10572
10611
10622
10630
10748
10776
10784
10828
10938
10996
11034
11072
11080
11104
11109
11114
11273
11275
11302
11388
11436
11458
11464
11485
11567
11665
11711
11721
11772
11825
11945
11954
11995
12052
12072
12087
12093
12204
12241
12256
12271
12292
12331
12341
12354
12355
12424
12426
12470
12547
12553
12602
12632
12671
12761
12768
12771
12785
12787
12789
12824
12830
12861
12883
12920
12963
13011
13021
13030
13122
13150
13171
13189
13229
13241
13312
13328
13352
13395
13409
13434
13452
13520
13621
13647
13696
13769
13814
13830
13844
13942
13969
13971
13984
14057
14144
14259
14276
14278
14326
14341
14350
14351
14356
14359
14382
14423
14427
14436
14482
14543
14591
14613
14620
14655
14667
14724
14734
14762
14825
14847
14861
14926
14933
14971
15000
15065
15084
15175
15213
15216
15369
15399
15403
15409
15443
15499
15547
15554
15585
15595
15629
15665
15692
15821
15865
15871
15913
15984
15987
16038
16093
16094
16099
16155
16155
16180
16242
16260
16334
16351
16355
16396
16403
16413
16436
16442
16488
16500
16512
16576
16624
16635
16646
16682
16700
16701
16752
16755
16763
16767
16787
16809
16832
16839
16847
16847
16850
16952
16966
17027
17061
17064
17065
17070
17110
17114
17128
17172
17189
17191
17196
17290
17297
17305
17339
17380
17391
17507
17513
17519
17590
17641
17721
17730
17737
17802
17834
17865
17866
17872
17891
17950
17973
18013
18084
18142
18147
18219
18222
18318
18334
18354
18380
18415
18465
18466
18512
18571
18581
18603
18703
18736
18746
18787
18841
18899
19004
19015
19038
19046
19072
19115
19122
19158
19188
19193
19195
19212
19295
19300
19377
19393
19404
19409
19468
19486
19521
19528
19558
19599
19626
19633
19676
19677
19769
19779
19852
19853
19855
20013
20127
20169
20218
20224
20285
20287
20301
20314
20332
20356
20416
20425
20435
20473
20478
20492
20524
20527
20544
20576
20629
20634
20639
20641
20656
20703
20749
20781
20803
20877
20895
20919
20998
21031
21034
21064
21195
21245
21256
21265
21308
21317
21336
21352
21352
21457
21468
21478
21528
21547
21583
21598
21605
21614
21693
21726
21736
21741
21747
21787
21787
21814
21841
21852
21867
21898
21986
22053
22063
22076
22133
22196
22237
22248
22252
22291
22291
22306
22347
22390
22397
22408
22509
22577
22594
22606
22643
22649
22670
22770
22772
22816
22845
22919
22979
22990
23011
23033
23098
23130
23159
23172
23214
23214
23296
23323
23326
23342
23355
23390
23394
23410
23450
23463
23576
23583
23594
23687
23735
23741
23753
23840
23877
23931
23967
24012
24021
24029
24029
24051
24051
24055
24066
24080
24134
24148
24158
24177
24206
24218
24230
24246
24293
24337
24341
24422
24459
24466
24481
24484
24526
24590
24595
24645
24655
24770
24897
25036
25050
25055
25056
25071
25117
25139
25155
25171
25231
25240
25269
25269
25279
25310
25312
25326
25346
25387
25398
25452
25454
25461
25479
25479
25487
25517
25524
25586
25619
25662
25669
25673
25686
25686
25690
25717
25742
25807
25832
25907
25916
25932
25936
25937
26003
26012
26040
26050
26062
26097
26183
26220
26227
26229
26309
26345
26349
26405
26452
26461
26468
26474
26489
26493
26523
26527
26558
26634
26646
26647
26679
26687
26709
26732
26763
26771
26782
26793
26894
26933
26936
26986
26997
27064
27143
27149
27159
27172
27182
27207
27217
27263
27280
27341
27377
27388
27407
27553
27598
27702
27733
27765
27768
27775
27815
27893
27944
27955
28014
28046
28110
28134
28143
28181
28184
28214
28219
28250
28265
28371
28380
28382
28429
28437
28528
28530
28536
28579
28614
28643
28701
28775
28859
28899
28964
29039
29081
29084
29091
29246
29288
29308
29338
29349
29387
29393
29394
29411
29433
29435
29447
29472
29478
29529
29550
29591
29613
29632
29652
29682
29742
29833
29834
29844
29897
29902
29961
29970
30050
30063
30076
30085
30112
30132
30236
30298
30351
30454
30454
30536
30555
30646
30685
30712
30823
30844
30847
30887
30893
30895
30908
30941
30979
31026
31084
31158
31158
31234
31246
31253
31304
31335
31345
31350
31352
31402
31447
31472
31595
31607
31633
31681
31744
31855
31871
31959
31959
31964
31970
32004
32043
32056
32121
32152
32160
32163
32242
32250
32251
32315
32342
32356
32425
32452
32466
32469
32581
32593
32639
32642
32659
32712
32734
32736
32742
32751
32767
